   -2.00000E+00    0.00000E+00   -1.78248E+03   -1.16621E+04   -1.23846E+04   -3.14860E+03   -1.21094E+04   -1.02298E+04    8.24205E+03    1.07056E+04    1.06284E+03   -1.68985E+04    0.00000E+00    0.00000E+00    0.00000E+00   -1.82699E+04    1.33998E+04   -1.38740E+04    3.71552E+04   -2.73467E+03    6.27212E+03   -8.07674E+03    1.58520E+04   -7.59627E+04    3.24433E+04    0.00000E+00    0.00000E+00
   -1.99500E+00    0.00000E+00   -1.79496E+03   -1.16482E+04   -1.23998E+04   -3.12297E+03   -1.21059E+04   -1.02306E+04    8.23705E+03    1.07040E+04    1.03857E+03   -1.68910E+04   -2.63981E+01   -4.27373E+02    0.00000E+00   -1.86930E+04    1.33108E+04   -1.43945E+04    3.76662E+04   -4.06413E+03    5.15675E+03   -8.34693E+03    1.43708E+04   -7.84712E+04    2.98551E+04    0.00000E+00    0.00000E+00
   -1.99000E+00    0.00000E+00   -1.78978E+03   -1.16558E+04   -1.23889E+04   -3.12209E+03   -1.21134E+04   -1.02279E+04    8.24173E+03    1.07550E+04    9.23418E+02   -1.68414E+04   -7.35387E+01   -3.29684E+02    0.00000E+00   -1.72888E+04    1.25180E+04   -1.24794E+04    3.75387E+04   -4.64040E+03    4.82610E+03   -6.85978E+03    1.90076E+04   -8.19687E+04    3.50523E+04    0.00000E+00    0.00000E+00
   -1.98500E+00    0.00000E+00   -1.81394E+03   -1.16406E+04   -1.24063E+04   -3.08339E+03   -1.21256E+04   -1.02148E+04    8.23725E+03    1.07180E+04    9.45020E+02   -1.68370E+04   -1.82251E+02   -2.84187E+02    0.00000E+00   -1.74730E+04    1.18219E+04   -1.21431E+04    3.80079E+04   -7.26881E+03    4.19469E+03   -6.23104E+03    1.38586E+04   -8.04093E+04    3.39405E+04    0.00000E+00    0.00000E+00
   -1.98000E+00    0.00000E+00   -1.83595E+03   -1.16296E+04   -1.24208E+04   -3.04845E+03   -1.21361E+04   -1.02015E+04    8.23365E+03    1.06842E+04    9.63492E+02   -1.68333E+04   -2.38534E+02   -2.50939E+02    0.00000E+00   -1.75349E+04    1.10233E+04   -1.15356E+04    3.84389E+04   -9.39139E+03    3.92451E+03   -5.45204E+03    9.17818E+03   -7.87611E+04    3.31408E+04    0.00000E+00    0.00000E+00
   -1.97500E+00    0.00000E+00   -1.85232E+03   -1.16257E+04   -1.24282E+04   -3.02295E+03   -1.21472E+04   -1.01882E+04    8.23260E+03    1.06663E+04    9.56297E+02   -1.68205E+04   -2.60363E+02   -2.05929E+02    0.00000E+00   -1.73416E+04    9.97563E+03   -1.06895E+04    3.85422E+04   -1.13823E+04    3.70465E+03   -4.48588E+03    6.15437E+03   -7.82873E+04    3.31088E+04    0.00000E+00    0.00000E+00
   -1.97000E+00    0.00000E+00   -1.86309E+03   -1.16272E+04   -1.24301E+04   -3.00445E+03   -1.21576E+04   -1.01776E+04    8.23297E+03    1.06591E+04    9.32572E+02   -1.68023E+04   -2.85532E+02   -1.53625E+02    0.00000E+00   -1.68967E+04    8.75559E+03   -9.65980E+03    3.84229E+04   -1.26685E+04    3.27706E+03   -3.43678E+03    4.92967E+03   -7.85662E+04    3.34822E+04    0.00000E+00    0.00000E+00
   -1.96500E+00    0.00000E+00   -1.86976E+03   -1.16321E+04   -1.24284E+04   -2.99090E+03   -1.21669E+04   -1.01695E+04    8.23416E+03    1.06594E+04    8.99331E+02   -1.67821E+04   -3.13673E+02   -1.08417E+02    0.00000E+00   -1.62393E+04    7.46494E+03   -8.47448E+03    3.81794E+04   -1.29361E+04    2.81523E+03   -2.30196E+03    5.46177E+03   -7.92297E+04    3.40479E+04    0.00000E+00    0.00000E+00
   -1.96000E+00    0.00000E+00   -1.87445E+03   -1.16381E+04   -1.24250E+04   -2.97941E+03   -1.21740E+04   -1.01634E+04    8.23531E+03    1.06622E+04    8.65733E+02   -1.67641E+04   -3.37615E+02   -8.12291E+01    0.00000E+00   -1.54846E+04    6.15983E+03   -7.22026E+03    3.78676E+04   -1.26233E+04    2.28585E+03   -1.20456E+03    6.48128E+03   -7.99254E+04    3.43993E+04    0.00000E+00    0.00000E+00
   -1.95500E+00    0.00000E+00   -1.87724E+03   -1.16450E+04   -1.24203E+04   -2.96898E+03   -1.21784E+04   -1.01598E+04    8.23619E+03    1.06661E+04    8.33880E+02   -1.67490E+04   -3.58891E+02   -6.80341E+01    0.00000E+00   -1.46811E+04    4.82501E+03   -5.92306E+03    3.74945E+04   -1.21695E+04    1.52026E+03   -5.32222E+02    7.24984E+03   -8.05956E+04    3.44493E+04    0.00000E+00    0.00000E+00
   -1.95000E+00    0.00000E+00   -1.87835E+03   -1.16526E+04   -1.24147E+04   -2.95851E+03   -1.21805E+04   -1.01585E+04    8.23681E+03    1.06687E+04    8.06266E+02   -1.67368E+04   -3.82715E+02   -6.35221E+01    0.00000E+00   -1.38421E+04    3.45586E+03   -4.60788E+03    3.70919E+04   -1.18084E+04    5.55750E+02   -3.39844E+02    7.43618E+03   -8.11276E+04    3.41824E+04    0.00000E+00    0.00000E+00
   -1.94500E+00    0.00000E+00   -1.87898E+03   -1.16603E+04   -1.24093E+04   -2.94645E+03   -1.21814E+04   -1.01582E+04    8.23706E+03    1.06668E+04    7.87438E+02   -1.67286E+04   -4.11279E+02   -6.67452E+01    0.00000E+00   -1.29894E+04    2.08294E+03   -3.30105E+03    3.67285E+04   -1.15603E+04   -1.77560E+02   -3.78542E+02    6.89562E+03   -8.12724E+04    3.35797E+04    0.00000E+00    0.00000E+00
   -1.94000E+00    0.00000E+00   -1.87944E+03   -1.16684E+04   -1.24036E+04   -2.93376E+03   -1.21823E+04   -1.01579E+04    8.23737E+03    1.06626E+04    7.72664E+02   -1.67217E+04   -4.41296E+02   -7.16283E+01    0.00000E+00   -1.21050E+04    8.23824E+02   -2.15075E+03    3.63832E+04   -1.14175E+04   -4.73220E+02   -4.30833E+02    6.16273E+03   -8.11952E+04    3.29228E+04    0.00000E+00    0.00000E+00
   -1.93500E+00    0.00000E+00   -1.87938E+03   -1.16772E+04   -1.23974E+04   -2.92240E+03   -1.21843E+04   -1.01566E+04    8.23828E+03    1.06608E+04    7.53545E+02   -1.67127E+04   -4.66516E+02   -7.13783E+01    0.00000E+00   -1.11388E+04    5.01709E+01   -1.48447E+03    3.59742E+04   -1.13828E+04   -4.12705E+02   -3.97031E+02    5.93242E+03   -8.12761E+04    3.25059E+04    0.00000E+00    0.00000E+00
   -1.93000E+00    0.00000E+00   -1.87924E+03   -1.16850E+04   -1.23922E+04   -2.91234E+03   -1.21871E+04   -1.01544E+04    8.23961E+03    1.06624E+04    7.29137E+02   -1.67015E+04   -4.77087E+02   -6.91975E+01    0.00000E+00   -1.01190E+04   -2.20996E+02   -1.27839E+03    3.54944E+04   -1.13987E+04   -1.71991E+02   -3.16534E+02    6.24265E+03   -8.15959E+04    3.22599E+04    0.00000E+00    0.00000E+00
   -1.92500E+00    0.00000E+00   -1.87885E+03   -1.16905E+04   -1.23894E+04   -2.90316E+03   -1.21898E+04   -1.01522E+04    8.24102E+03    1.06668E+04    7.01008E+02   -1.66893E+04   -4.68492E+02   -6.97827E+01    0.00000E+00   -9.06087E+03   -1.70491E+02   -1.36991E+03    3.49534E+04   -1.13818E+04    4.24840E+01   -2.59555E+02    6.79947E+03   -8.21192E+04    3.20300E+04    0.00000E+00    0.00000E+00
   -1.92000E+00    0.00000E+00   -1.87790E+03   -1.16932E+04   -1.23896E+04   -2.89420E+03   -1.21913E+04   -1.01510E+04    8.24217E+03    1.06725E+04    6.72130E+02   -1.66779E+04   -4.44411E+02   -7.58484E+01    0.00000E+00   -7.96560E+03    2.60542E+01   -1.61091E+03    3.43700E+04   -1.12981E+04    9.03095E+01   -2.65308E+02    7.24746E+03   -8.27302E+04    3.16617E+04    0.00000E+00    0.00000E+00
   -1.91500E+00    0.00000E+00   -1.87606E+03   -1.16933E+04   -1.23926E+04   -2.88501E+03   -1.21914E+04   -1.01515E+04    8.24295E+03    1.06778E+04    6.45081E+02   -1.66681E+04   -4.11573E+02   -8.77964E+01    0.00000E+00   -6.82537E+03    2.54969E+02   -1.89298E+03    3.37661E+04   -1.11623E+04   -4.96287E+01   -3.26781E+02    7.37556E+03   -8.33051E+04    3.10840E+04    0.00000E+00    0.00000E+00
   -1.91000E+00    0.00000E+00   -1.87310E+03   -1.16916E+04   -1.23976E+04   -2.87569E+03   -1.21904E+04   -1.01534E+04    8.24351E+03    1.06824E+04    6.20062E+02   -1.66598E+04   -3.74578E+02   -1.03976E+02    0.00000E+00   -5.62778E+03    4.40832E+02   -2.13652E+03    3.31516E+04   -1.10208E+04   -2.79363E+02   -3.93529E+02    7.24659E+03   -8.38119E+04    3.03444E+04    0.00000E+00    0.00000E+00
   -1.90500E+00    0.00000E+00   -1.86886E+03   -1.16890E+04   -1.24034E+04   -2.86680E+03   -1.21890E+04   -1.01564E+04    8.24416E+03    1.06870E+04    5.95459E+02   -1.66521E+04   -3.35999E+02   -1.21829E+02    0.00000E+00   -4.36303E+03    5.52484E+02   -2.29780E+03    3.25188E+04   -1.09236E+04   -4.94726E+02   -4.23888E+02    7.06759E+03   -8.43041E+04    2.95496E+04    0.00000E+00    0.00000E+00
   -1.90000E+00    0.00000E+00   -1.86337E+03   -1.16863E+04   -1.24093E+04   -2.85881E+03   -1.21877E+04   -1.01599E+04    8.24512E+03    1.06923E+04    5.69767E+02   -1.66440E+04   -2.97220E+02   -1.39508E+02    0.00000E+00   -3.03331E+03    5.89614E+02   -2.37168E+03    3.18555E+04   -1.08961E+04   -6.36455E+02   -4.08837E+02    6.99235E+03   -8.48424E+04    2.87777E+04    0.00000E+00    0.00000E+00
   -1.89500E+00    0.00000E+00   -1.85676E+03   -1.16837E+04   -1.24148E+04   -2.85184E+03   -1.21869E+04   -1.01635E+04    8.24645E+03    1.06986E+04    5.42726E+02   -1.66354E+04   -2.58500E+02   -1.57282E+02    0.00000E+00   -1.64674E+03    5.72256E+02   -2.37942E+03    3.11540E+04   -1.09302E+04   -7.01011E+02   -3.65801E+02    7.02019E+03   -8.54439E+04    2.80358E+04    0.00000E+00    0.00000E+00
