&namelist21
tt=-1.89500000E+00,
ai= 0.00000000E+00,-1.85675857E+03,-1.16837144E+04,-1.24148381E+04,-2.85183524E+03,-1.21868813E+04,-1.01635332E+04, 8.24644573E+03, 1.06985516E+04, 5.42725582E+02,-1.66353702E+04,-2.58500352E+02,-1.57281663E+02, 0.00000000E+00, 0.00000000E+00, 0.00000000E+00, 0.00000000E+00, 0.00000000E+00, 0.00000000E+00, 0.00000000E+00, 0.00000000E+00, 0.00000000E+00, 0.00000000E+00, 0.00000000E+00, 0.00000000E+00, 0.00000000E+00, 0.00000000E+00, 0.00000000E+00, 0.00000000E+00, 0.00000000E+00, 0.00000000E+00, 0.00000000E+00, 0.00000000E+00, 0.00000000E+00, 0.00000000E+00, 0.00000000E+00, 0.00000000E+00, 0.00000000E+00, 0.00000000E+00, 0.00000000E+00, 0.00000000E+00, 0.00000000E+00, 0.00000000E+00, 0.00000000E+00, 0.00000000E+00, 0.00000000E+00, 0.00000000E+00, 0.00000000E+00, 0.00000000E+00, 0.00000000E+00, 0.00000000E+00, 0.00000000E+00, 0.00000000E+00, 0.00000000E+00, 0.00000000E+00, 0.00000000E+00, 0.00000000E+00, 0.00000000E+00, 0.00000000E+00, 0.00000000E+00, 0.00000000E+00, 0.00000000E+00, 0.00000000E+00, 0.00000000E+00, 0.00000000E+00, 0.00000000E+00, 0.00000000E+00, 0.00000000E+00, 0.00000000E+00, 0.00000000E+00, 0.00000000E+00, 0.00000000E+00, 0.00000000E+00, 0.00000000E+00, 0.00000000E+00, 0.00000000E+00, 0.00000000E+00, 0.00000000E+00, 0.00000000E+00, 0.00000000E+00, 0.00000000E+00, 0.00000000E+00, 0.00000000E+00, 0.00000000E+00, 0.00000000E+00, 0.00000000E+00, 0.00000000E+00, 0.00000000E+00, 0.00000000E+00, 0.00000000E+00, 0.00000000E+00, 0.00000000E+00, 0.00000000E+00, 0.00000000E+00, 0.00000000E+00, 0.00000000E+00, 0.00000000E+00, 0.00000000E+00, 0.00000000E+00, 0.00000000E+00, 0.00000000E+00, 0.00000000E+00, 0.00000000E+00, 0.00000000E+00, 0.00000000E+00, 0.00000000E+00, 0.00000000E+00, 0.00000000E+00, 0.00000000E+00, 0.00000000E+00, 0.00000000E+00,
vcom= 0.00000000E+00,-1.64673719E+03, 5.72256001E+02,-2.37942102E+03, 3.11539786E+04,-1.09302480E+04,-7.01010684E+02,-3.65800805E+02, 7.02019425E+03,-8.54438877E+04, 2.80358121E+04, 0.00000000E+00, 0.00000000E+00, 0.00000000E+00, 0.00000000E+00, 0.00000000E+00, 0.00000000E+00, 0.00000000E+00, 0.00000000E+00, 0.00000000E+00, 0.00000000E+00, 0.00000000E+00, 0.00000000E+00, 0.00000000E+00, 0.00000000E+00, 0.00000000E+00, 0.00000000E+00, 0.00000000E+00, 0.00000000E+00, 0.00000000E+00, 0.00000000E+00, 0.00000000E+00, 0.00000000E+00, 0.00000000E+00, 0.00000000E+00, 0.00000000E+00, 0.00000000E+00, 0.00000000E+00, 0.00000000E+00, 0.00000000E+00, 0.00000000E+00, 0.00000000E+00, 0.00000000E+00, 0.00000000E+00, 0.00000000E+00, 0.00000000E+00, 0.00000000E+00, 0.00000000E+00, 0.00000000E+00, 0.00000000E+00, 0.00000000E+00, 0.00000000E+00, 0.00000000E+00, 0.00000000E+00, 0.00000000E+00, 0.00000000E+00, 0.00000000E+00, 0.00000000E+00, 0.00000000E+00, 0.00000000E+00, 0.00000000E+00, 0.00000000E+00, 0.00000000E+00, 0.00000000E+00, 0.00000000E+00, 0.00000000E+00, 0.00000000E+00, 0.00000000E+00, 0.00000000E+00, 0.00000000E+00, 0.00000000E+00, 0.00000000E+00, 0.00000000E+00, 0.00000000E+00, 0.00000000E+00, 0.00000000E+00, 0.00000000E+00, 0.00000000E+00, 0.00000000E+00, 0.00000000E+00, 0.00000000E+00, 0.00000000E+00, 0.00000000E+00, 0.00000000E+00, 0.00000000E+00, 0.00000000E+00, 0.00000000E+00, 0.00000000E+00, 0.00000000E+00, 0.00000000E+00, 0.00000000E+00, 0.00000000E+00, 0.00000000E+00, 0.00000000E+00, 0.00000000E+00, 0.00000000E+00, 0.00000000E+00, 0.00000000E+00, 0.00000000E+00, 0.00000000E+00, 0.00000000E+00, 0.00000000E+00, 0.00000000E+00, 0.00000000E+00, 0.00000000E+00, 0.00000000E+00, 0.00000000E+00, 0.00000000E+00, 0.00000000E+00, 0.00000000E+00, 0.00000000E+00,
nfluxrfm=              9,
rfluxrfm= 0.00000000E+00, 3.90050000E+00, 4.16630000E+00, 3.65930000E+00, 1.92920000E+00, 1.77310000E+00, 1.90930000E+00, 2.02490000E+00, 2.53530000E+00, 0.00000000E+00, 0.00000000E+00, 0.00000000E+00, 0.00000000E+00, 0.00000000E+00, 0.00000000E+00, 0.00000000E+00, 0.00000000E+00, 0.00000000E+00, 0.00000000E+00, 0.00000000E+00,
zfluxrfm= 0.00000000E+00,-8.91900000E-01,-3.51000000E-02, 1.28490000E+00, 1.44700000E+00,-3.98000000E-02,-1.10180000E+00,-2.28010000E+00,-2.65450000E+00, 0.00000000E+00, 0.00000000E+00, 0.00000000E+00, 0.00000000E+00, 0.00000000E+00, 0.00000000E+00, 0.00000000E+00, 0.00000000E+00, 0.00000000E+00, 0.00000000E+00, 0.00000000E+00,
aiprfmbfr= 5.49928500E+00,
tinit=-2.00000000E+00,
psfdifsiint= 0.00000000E+00,-2.13881700E-03,-1.62929781E-03,-2.49526839E-03,-5.70535971E-03,-3.69053787E-03,-1.38628963E-03, 1.49030301E-02,-2.17289857E-02, 0.00000000E+00, 0.00000000E+00, 0.00000000E+00, 0.00000000E+00, 0.00000000E+00, 0.00000000E+00, 0.00000000E+00, 0.00000000E+00, 0.00000000E+00, 0.00000000E+00, 0.00000000E+00,
psfdifxiint= 4.96228670E-04, 0.00000000E+00, 0.00000000E+00, 0.00000000E+00, 0.00000000E+00, 0.00000000E+00, 0.00000000E+00, 0.00000000E+00, 0.00000000E+00, 0.00000000E+00, 0.00000000E+00, 0.00000000E+00, 0.00000000E+00, 0.00000000E+00, 0.00000000E+00, 0.00000000E+00, 0.00000000E+00, 0.00000000E+00, 0.00000000E+00, 0.00000000E+00,
aidifintbfr=-2.13590692E+02, 1.82985111E+02,-2.20285764E+02, 4.42939568E+02,-5.46921597E+01, 7.59029948E+01,-4.45313248E+01, 1.30616300E+02,-8.52834373E+02, 3.59481100E+02, 0.00000000E+00, 0.00000000E+00, 0.00000000E+00, 0.00000000E+00, 0.00000000E+00, 0.00000000E+00, 0.00000000E+00, 0.00000000E+00, 0.00000000E+00, 0.00000000E+00,
aiinit=-1.39970000E+03,-1.20590000E+04,-1.19270000E+04,-3.90350000E+03,-1.20610000E+04,-1.03280000E+04, 8.33970000E+03, 1.04740000E+04, 2.45180000E+03,-1.74480000E+04, 0.00000000E+00, 0.00000000E+00, 0.00000000E+00, 0.00000000E+00, 0.00000000E+00, 0.00000000E+00, 0.00000000E+00, 0.00000000E+00, 0.00000000E+00, 0.00000000E+00,
aidifbfr=-4.57058573E+02, 3.75285554E+02,-4.87838061E+02, 1.05166476E+03,-1.25881287E+02, 1.64466792E+02,-9.32542652E+01, 2.24551642E+02,-1.90907442E+03, 8.12629834E+02, 0.00000000E+00, 0.00000000E+00, 0.00000000E+00, 0.00000000E+00, 0.00000000E+00, 0.00000000E+00, 0.00000000E+00, 0.00000000E+00, 0.00000000E+00, 0.00000000E+00,
ampbfrbfrccs= 0.00000000E+00, 1.20148350E-04, 2.23671323E-04, 2.19144093E-04, 1.15313364E-04, 4.50446887E-04, 3.08297995E-04, 1.15405879E-04, 1.52266855E-04, 2.14653923E-04, 4.07491471E-04, 0.00000000E+00, 0.00000000E+00, 0.00000000E+00, 0.00000000E+00, 0.00000000E+00, 0.00000000E+00, 0.00000000E+00, 0.00000000E+00, 0.00000000E+00,
/
