JT-60SA
 46                   Limiter
 1.705   1.827
 1.775   1.827
 1.775   2.383
 1.784   2.485
 1.810   2.583
 1.854   2.676
 1.912   2.760
 1.984   2.832
 2.068   2.890
 2.161   2.934
 2.259   2.960
 2.361   2.969
 2.465   2.965
 2.567   2.952
 2.669   2.931
 2.768   2.902
 2.865   2.865
 2.865   2.865
 2.865   2.755
 3.316   2.453
 3.316   1.897
 3.316   1.897
 3.612   1.516
 4.216   0.456
 4.216  -0.456
 3.612  -1.516
 3.342  -1.775
 3.342  -1.979
 3.342  -1.979
 3.021  -1.979
 2.850  -2.090
 2.635  -2.427
 2.635  -2.827
 2.559  -2.747
 2.449  -2.747
 2.450  -2.632
 2.283  -2.457
 2.082  -2.407
 2.057  -2.432
 2.057  -2.505
 1.922  -2.480
 1.922  -2.112
 1.842  -1.895
 1.705  -1.757
 1.705  -1.757
 1.705   1.827
 3.000   0.000   VV Center
 2.400  -2.800   Starting point of X-point(LOWER NULL) search
 6               LOWER Inner First Wall for Strike-point
 1.922  -2.112
 1.922  -2.480
 2.057  -2.505
 2.057  -2.432
 2.082  -2.407
 2.283  -2.457
 6               LOWER Outer First Wall for Strike-point
 2.283  -2.457
 2.450  -2.632
 2.449  -2.747
 2.559  -2.747
 2.635  -2.827
 2.635  -2.427
10               UPPER Inner First Wall for Strike-point
 2.361   2.969
 2.259   2.960
 2.161   2.934
 2.068   2.890
 1.984   2.832
 1.912   2.760
 1.854   2.676
 1.810   2.583
 1.784   2.485
 1.775   2.383
 8               UPPER Outer First Wall for Strike-point
 2.865   2.755
 2.865   2.865
 2.865   2.865
 2.768   2.902
 2.669   2.931
 2.567   2.952
 2.465   2.965
 2.361   2.969
 12              PF COIL
 40 40 40 40 16 16 16 16 16 16  6  6 
  13.72500  0.699375   1.69870   0.08175   0.15740  PF1
  13.72500  0.699375   1.85610   0.08175   0.15740
  13.72500  0.699375   2.01350   0.08175   0.15740
  13.72500  0.699375   2.17090   0.08175   0.15740
  13.72500  0.699375   2.32830   0.08175   0.15740
  13.72500  0.699375   2.48570   0.08175   0.15740
  13.72500  0.699375   2.64310   0.08175   0.15740
  13.72500  0.699375   2.80050   0.08175   0.15740
  13.72500  0.699375   2.95790   0.08175   0.15740
  13.72500  0.699375   3.11530   0.08175   0.15740
  13.72500  0.781125   1.69870   0.08175   0.15740
  13.72500  0.781125   1.85610   0.08175   0.15740
  13.72500  0.781125   2.01350   0.08175   0.15740
  13.72500  0.781125   2.17090   0.08175   0.15740
  13.72500  0.781125   2.32830   0.08175   0.15740
  13.72500  0.781125   2.48570   0.08175   0.15740
  13.72500  0.781125   2.64310   0.08175   0.15740
  13.72500  0.781125   2.80050   0.08175   0.15740
  13.72500  0.781125   2.95790   0.08175   0.15740
  13.72500  0.781125   3.11530   0.08175   0.15740
  13.72500  0.862875   1.69870   0.08175   0.15740
  13.72500  0.862875   1.85610   0.08175   0.15740
  13.72500  0.862875   2.01350   0.08175   0.15740
  13.72500  0.862875   2.17090   0.08175   0.15740
  13.72500  0.862875   2.32830   0.08175   0.15740
  13.72500  0.862875   2.48570   0.08175   0.15740
  13.72500  0.862875   2.64310   0.08175   0.15740
  13.72500  0.862875   2.80050   0.08175   0.15740
  13.72500  0.862875   2.95790   0.08175   0.15740
  13.72500  0.862875   3.11530   0.08175   0.15740
  13.72500  0.944625   1.69870   0.08175   0.15740
  13.72500  0.944625   1.85610   0.08175   0.15740
  13.72500  0.944625   2.01350   0.08175   0.15740
  13.72500  0.944625   2.17090   0.08175   0.15740
  13.72500  0.944625   2.32830   0.08175   0.15740
  13.72500  0.944625   2.48570   0.08175   0.15740
  13.72500  0.944625   2.64310   0.08175   0.15740
  13.72500  0.944625   2.80050   0.08175   0.15740
  13.72500  0.944625   2.95790   0.08175   0.15740
  13.72500  0.944625   3.11530   0.08175   0.15740
  13.72500  0.699375   0.09370   0.08175   0.15740  PF2
  13.72500  0.699375   0.25110   0.08175   0.15740
  13.72500  0.699375   0.40850   0.08175   0.15740
  13.72500  0.699375   0.56590   0.08175   0.15740
  13.72500  0.699375   0.72330   0.08175   0.15740
  13.72500  0.699375   0.88070   0.08175   0.15740
  13.72500  0.699375   1.03810   0.08175   0.15740
  13.72500  0.699375   1.19550   0.08175   0.15740
  13.72500  0.699375   1.35290   0.08175   0.15740
  13.72500  0.699375   1.51030   0.08175   0.15740
  13.72500  0.781125   0.09370   0.08175   0.15740
  13.72500  0.781125   0.25110   0.08175   0.15740
  13.72500  0.781125   0.40850   0.08175   0.15740
  13.72500  0.781125   0.56590   0.08175   0.15740
  13.72500  0.781125   0.72330   0.08175   0.15740
  13.72500  0.781125   0.88070   0.08175   0.15740
  13.72500  0.781125   1.03810   0.08175   0.15740
  13.72500  0.781125   1.19550   0.08175   0.15740
  13.72500  0.781125   1.35290   0.08175   0.15740
  13.72500  0.781125   1.51030   0.08175   0.15740
  13.72500  0.862875   0.09370   0.08175   0.15740
  13.72500  0.862875   0.25110   0.08175   0.15740
  13.72500  0.862875   0.40850   0.08175   0.15740
  13.72500  0.862875   0.56590   0.08175   0.15740
  13.72500  0.862875   0.72330   0.08175   0.15740
  13.72500  0.862875   0.88070   0.08175   0.15740
  13.72500  0.862875   1.03810   0.08175   0.15740
  13.72500  0.862875   1.19550   0.08175   0.15740
  13.72500  0.862875   1.35290   0.08175   0.15740
  13.72500  0.862875   1.51030   0.08175   0.15740
  13.72500  0.944625   0.09370   0.08175   0.15740
  13.72500  0.944625   0.25110   0.08175   0.15740
  13.72500  0.944625   0.40850   0.08175   0.15740
  13.72500  0.944625   0.56590   0.08175   0.15740
  13.72500  0.944625   0.72330   0.08175   0.15740
  13.72500  0.944625   0.88070   0.08175   0.15740
  13.72500  0.944625   1.03810   0.08175   0.15740
  13.72500  0.944625   1.19550   0.08175   0.15740
  13.72500  0.944625   1.35290   0.08175   0.15740
  13.72500  0.944625   1.51030   0.08175   0.15740
  13.72500  0.699375  -0.09370   0.08175   0.15740  PF3
  13.72500  0.699375  -0.25110   0.08175   0.15740
  13.72500  0.699375  -0.40850   0.08175   0.15740
  13.72500  0.699375  -0.56590   0.08175   0.15740
  13.72500  0.699375  -0.72330   0.08175   0.15740
  13.72500  0.699375  -0.88070   0.08175   0.15740
  13.72500  0.699375  -1.03810   0.08175   0.15740
  13.72500  0.699375  -1.19550   0.08175   0.15740
  13.72500  0.699375  -1.35290   0.08175   0.15740
  13.72500  0.699375  -1.51030   0.08175   0.15740
  13.72500  0.781125  -0.09370   0.08175   0.15740
  13.72500  0.781125  -0.25110   0.08175   0.15740
  13.72500  0.781125  -0.40850   0.08175   0.15740
  13.72500  0.781125  -0.56590   0.08175   0.15740
  13.72500  0.781125  -0.72330   0.08175   0.15740
  13.72500  0.781125  -0.88070   0.08175   0.15740
  13.72500  0.781125  -1.03810   0.08175   0.15740
  13.72500  0.781125  -1.19550   0.08175   0.15740
  13.72500  0.781125  -1.35290   0.08175   0.15740
  13.72500  0.781125  -1.51030   0.08175   0.15740
  13.72500  0.862875  -0.09370   0.08175   0.15740
  13.72500  0.862875  -0.25110   0.08175   0.15740
  13.72500  0.862875  -0.40850   0.08175   0.15740
  13.72500  0.862875  -0.56590   0.08175   0.15740
  13.72500  0.862875  -0.72330   0.08175   0.15740
  13.72500  0.862875  -0.88070   0.08175   0.15740
  13.72500  0.862875  -1.03810   0.08175   0.15740
  13.72500  0.862875  -1.19550   0.08175   0.15740
  13.72500  0.862875  -1.35290   0.08175   0.15740
  13.72500  0.862875  -1.51030   0.08175   0.15740
  13.72500  0.944625  -0.09370   0.08175   0.15740
  13.72500  0.944625  -0.25110   0.08175   0.15740
  13.72500  0.944625  -0.40850   0.08175   0.15740
  13.72500  0.944625  -0.56590   0.08175   0.15740
  13.72500  0.944625  -0.72330   0.08175   0.15740
  13.72500  0.944625  -0.88070   0.08175   0.15740
  13.72500  0.944625  -1.03810   0.08175   0.15740
  13.72500  0.944625  -1.19550   0.08175   0.15740
  13.72500  0.944625  -1.35290   0.08175   0.15740
  13.72500  0.944625  -1.51030   0.08175   0.15740
  13.72500  0.699375  -1.69870   0.08175   0.15740  PF4
  13.72500  0.699375  -1.85610   0.08175   0.15740
  13.72500  0.699375  -2.01350   0.08175   0.15740
  13.72500  0.699375  -2.17090   0.08175   0.15740
  13.72500  0.699375  -2.32830   0.08175   0.15740
  13.72500  0.699375  -2.48570   0.08175   0.15740
  13.72500  0.699375  -2.64310   0.08175   0.15740
  13.72500  0.699375  -2.80050   0.08175   0.15740
  13.72500  0.699375  -2.95790   0.08175   0.15740
  13.72500  0.699375  -3.11530   0.08175   0.15740
  13.72500  0.781125  -1.69870   0.08175   0.15740
  13.72500  0.781125  -1.85610   0.08175   0.15740
  13.72500  0.781125  -2.01350   0.08175   0.15740
  13.72500  0.781125  -2.17090   0.08175   0.15740
  13.72500  0.781125  -2.32830   0.08175   0.15740
  13.72500  0.781125  -2.48570   0.08175   0.15740
  13.72500  0.781125  -2.64310   0.08175   0.15740
  13.72500  0.781125  -2.80050   0.08175   0.15740
  13.72500  0.781125  -2.95790   0.08175   0.15740
  13.72500  0.781125  -3.11530   0.08175   0.15740
  13.72500  0.862875  -1.69870   0.08175   0.15740
  13.72500  0.862875  -1.85610   0.08175   0.15740
  13.72500  0.862875  -2.01350   0.08175   0.15740
  13.72500  0.862875  -2.17090   0.08175   0.15740
  13.72500  0.862875  -2.32830   0.08175   0.15740
  13.72500  0.862875  -2.48570   0.08175   0.15740
  13.72500  0.862875  -2.64310   0.08175   0.15740
  13.72500  0.862875  -2.80050   0.08175   0.15740
  13.72500  0.862875  -2.95790   0.08175   0.15740
  13.72500  0.862875  -3.11530   0.08175   0.15740
  13.72500  0.944625  -1.69870   0.08175   0.15740
  13.72500  0.944625  -1.85610   0.08175   0.15740
  13.72500  0.944625  -2.01350   0.08175   0.15740
  13.72500  0.944625  -2.17090   0.08175   0.15740
  13.72500  0.944625  -2.32830   0.08175   0.15740
  13.72500  0.944625  -2.48570   0.08175   0.15740
  13.72500  0.944625  -2.64310   0.08175   0.15740
  13.72500  0.944625  -2.80050   0.08175   0.15740
  13.72500  0.944625  -2.95790   0.08175   0.15740
  13.72500  0.944625  -3.11530   0.08175   0.15740
   8.87500  5.677625   1.05375   0.08225   0.08350  PF5
   8.87500  5.677625   1.13725   0.08225   0.08350
   8.87500  5.677625   1.22075   0.08225   0.08350
   8.87500  5.677625   1.30425   0.08225   0.08350
   8.87500  5.759875   1.05375   0.08225   0.08350
   8.87500  5.759875   1.13725   0.08225   0.08350
   8.87500  5.759875   1.22075   0.08225   0.08350
   8.87500  5.759875   1.30425   0.08225   0.08350
   8.87500  5.842125   1.05375   0.08225   0.08350
   8.87500  5.842125   1.13725   0.08225   0.08350
   8.87500  5.842125   1.22075   0.08225   0.08350
   8.87500  5.842125   1.30425   0.08225   0.08350
   8.87500  5.924375   1.05375   0.08225   0.08350
   8.87500  5.924375   1.13725   0.08225   0.08350
   8.87500  5.924375   1.22075   0.08225   0.08350
   8.87500  5.924375   1.30425   0.08225   0.08350
   9.62500  4.473125   3.04575   0.08925   0.08350  PF6
   9.62500  4.473125   3.12925   0.08925   0.08350
   9.62500  4.473125   3.21275   0.08925   0.08350
   9.62500  4.473125   3.29625   0.08925   0.08350
   9.62500  4.562375   3.04575   0.08925   0.08350 
   9.62500  4.562375   3.12925   0.08925   0.08350
   9.62500  4.562375   3.21275   0.08925   0.08350
   9.62500  4.562375   3.29625   0.08925   0.08350
   9.62500  4.651625   3.04575   0.08925   0.08350 
   9.62500  4.651625   3.12925   0.08925   0.08350
   9.62500  4.651625   3.21275   0.08925   0.08350
   9.62500  4.651625   3.29625   0.08925   0.08350
   9.62500  4.740875   3.04575   0.08925   0.08350 
   9.62500  4.740875   3.12925   0.08925   0.08350
   9.62500  4.740875   3.21275   0.08925   0.08350
   9.62500  4.740875   3.29625   0.08925   0.08350
  15.43750  1.709375   3.86450   0.13575   0.10700  PF7
  15.43750  1.709375   3.97150   0.13575   0.10700
  15.43750  1.709375   4.07850   0.13575   0.10700
  15.43750  1.709375   4.18550   0.13575   0.10700
  15.43750  1.845125   3.86450   0.13575   0.10700
  15.43750  1.845125   3.97150   0.13575   0.10700
  15.43750  1.845125   4.07850   0.13575   0.10700
  15.43750  1.845125   4.18550   0.13575   0.10700
  15.43750  1.980875   3.86450   0.13575   0.10700
  15.43750  1.980875   3.97150   0.13575   0.10700
  15.43750  1.980875   4.07850   0.13575   0.10700
  15.43750  1.980875   4.18550   0.13575   0.10700
  15.43750  2.116625   3.86450   0.13575   0.10700
  15.43750  2.116625   3.97150   0.13575   0.10700
  15.43750  2.116625   4.07850   0.13575   0.10700
  15.43750  2.116625   4.18550   0.13575   0.10700
  22.06250  1.709375 -4.346125   0.13575   0.15275  PF8
  22.06250  1.709375 -4.193375   0.13575   0.15275
  22.06250  1.709375 -4.040625   0.13575   0.15275
  22.06250  1.709375 -3.887875   0.13575   0.15275
  22.06250  1.845125 -4.346125   0.13575   0.15275
  22.06250  1.845125 -4.193375   0.13575   0.15275
  22.06250  1.845125 -4.040625   0.13575   0.15275
  22.06250  1.845125 -3.887875   0.13575   0.15275
  22.06250  1.980875 -4.346125   0.13575   0.15275
  22.06250  1.980875 -4.193375   0.13575   0.15275
  22.06250  1.980875 -4.040625   0.13575   0.15275
  22.06250  1.980875 -3.887875   0.13575   0.15275
  22.06250  2.116625 -4.346125   0.13575   0.15275
  22.06250  2.116625 -4.193375   0.13575   0.15275
  22.06250  2.116625 -4.040625   0.13575   0.15275
  22.06250  2.116625 -3.887875   0.13575   0.15275
   9.50000   3.78875  -3.86825   0.07550   0.09750  PF9
   9.50000   3.78875  -3.77075   0.07550   0.09750
   9.50000   3.78875  -3.67325   0.07550   0.09750
   9.50000   3.78875  -3.57575   0.07550   0.09750
   9.50000   3.86425  -3.86825   0.07550   0.09750
   9.50000   3.86425  -3.77075   0.07550   0.09750
   9.50000   3.86425  -3.67325   0.07550   0.09750
   9.50000   3.86425  -3.57575   0.07550   0.09750
   9.50000   3.93975  -3.86825   0.07550   0.09750
   9.50000   3.93975  -3.77075   0.07550   0.09750
   9.50000   3.93975  -3.67325   0.07550   0.09750
   9.50000   3.93975  -3.57575   0.07550   0.09750
   9.50000   4.01525  -3.86825   0.07550   0.09750
   9.50000   4.01525  -3.77075   0.07550   0.09750
   9.50000   4.01525  -3.67325   0.07550   0.09750
   9.50000   4.01525  -3.57575   0.07550   0.09750
  11.25000  4.905125  -2.92025   0.08925   0.09750  PF10
  11.25000  4.905125  -2.82275   0.08925   0.09750
  11.25000  4.905125  -2.72525   0.08925   0.09750
  11.25000  4.905125  -2.62775   0.08925   0.09750
  11.25000  4.994375  -2.92025   0.08925   0.09750
  11.25000  4.994375  -2.82275   0.08925   0.09750
  11.25000  4.994375  -2.72525   0.08925   0.09750
  11.25000  4.994375  -2.62775   0.08925   0.09750
  11.25000  5.083625  -2.92025   0.08925   0.09750
  11.25000  5.083625  -2.82275   0.08925   0.09750
  11.25000  5.083625  -2.72525   0.08925   0.09750
  11.25000  5.083625  -2.62775   0.08925   0.09750
  11.25000  5.172875  -2.92025   0.08925   0.09750
  11.25000  5.172875  -2.82275   0.08925   0.09750
  11.25000  5.172875  -2.72525   0.08925   0.09750
  11.25000  5.172875  -2.62775   0.08925   0.09750
   3.83000  3.941500   1.59700    0.0645   0.06500  FPPC-up
   3.84000  3.941500   1.66500    0.0645   0.06500
   3.83000  3.941500   1.73300    0.0645   0.06500
   3.83000  4.008500   1.59700    0.0645   0.06500
   3.84000  4.008500   1.66500    0.0645   0.06500
   3.83000  4.008500   1.73300    0.0645   0.06500
   3.83000  3.941500   -1.5970    0.0645   0.06500  FPPC-down
   3.84000  3.941500   -1.6650    0.0645   0.06500
   3.83000  3.941500   -1.7330    0.0645   0.06500
   3.83000  4.008500   -1.5970    0.0645   0.06500
   3.84000  4.008500   -1.6650    0.0645   0.06500
   3.83000  4.008500   -1.7330    0.0645   0.06500
 98                                                               NV,     Vturn,Vr,Vz,Va,Vb,Vrho
   1.00000   4.95480   0.12482   0.03600   0.24969 7.20e-007        
   1.00000   4.93720   0.37383   0.03600   0.24969 7.20e-007
   1.00000   4.90220   0.62099   0.03600   0.24969 7.20e-007
   1.00000   4.84980   0.86507   0.03600   0.24969 7.20e-007
   1.00000   4.78040   1.10490   0.03600   0.24969 7.20e-007
   1.00000   4.69420   1.33920   0.03600   0.24969 7.20e-007
   1.00000   4.59180   1.56680   0.03600   0.24969 7.20e-007
   1.00000   4.47370   1.78670   0.03600   0.24969 7.20e-007
   1.00000   4.34030   1.99770   0.03600   0.24969 7.20e-007
   1.00000   4.19240   2.19880   0.03600   0.24969 7.20e-007
   1.00000   4.03070   2.38900   0.03600   0.24969 7.20e-007
   1.00000   3.85600   2.56740   0.24969   0.03600 7.20e-007
   1.00000   3.66920   2.73300   0.24969   0.03600 7.20e-007
   1.00000   3.47130   2.88500   0.24969   0.03600 7.20e-007
   1.00000   3.26310   3.02280   0.24969   0.03600 7.20e-007
   1.00000   3.06350   3.13430   0.20766   0.03600 7.20e-007
   1.00000   2.87130   3.21230   0.20766   0.03600 7.20e-007
   1.00000   2.67060   3.26510   0.20766   0.03600 7.20e-007
   1.00000   2.46480   3.29170   0.20766   0.03600 7.20e-007
   1.00000   2.24200   3.28720   0.23876   0.03600 7.20e-007
   1.00000   2.01200   3.22560   0.23876   0.03600 7.20e-007
   1.00000   1.80580   3.10650   0.23876   0.03600 7.20e-007
   1.00000   1.63750   2.93820   0.03600   0.23876 7.20e-007
   1.00000   1.51840   2.73200   0.03600   0.23876 7.20e-007
   1.00000   1.45680   2.50200   0.03600   0.23876 7.20e-007
   1.00000   1.44900   2.26390   0.03600   0.23830 7.20e-007
   1.00000   1.44900   2.02560   0.03600   0.23830 7.20e-007
   1.00000   1.44900   1.78730   0.03600   0.23830 7.20e-007
   1.00000   1.44900   1.54900   0.03600   0.23830 7.20e-007
   1.00000   1.44900   1.31060   0.03600   0.23830 7.20e-007
   1.00000   1.44900   1.07230   0.03600   0.23830 7.20e-007
   1.00000   1.44900   0.83405   0.03600   0.23830 7.20e-007
   1.00000   1.44900   0.59575   0.03600   0.23830 7.20e-007
   1.00000   1.44900   0.35745   0.03600   0.23830 7.20e-007
   1.00000   1.44900   0.11915   0.03600   0.23830 7.20e-007
   1.00000   1.44900  -0.11915   0.03600   0.23830 7.20e-007
   1.00000   1.44900  -0.35745   0.03600   0.23830 7.20e-007
   1.00000   1.44900  -0.59575   0.03600   0.23830 7.20e-007
   1.00000   1.44900  -0.83405   0.03600   0.23830 7.20e-007
   1.00000   1.44900  -1.07240   0.03600   0.23830 7.20e-007
   1.00000   1.44900  -1.31070   0.03600   0.23830 7.20e-007
   1.00000   1.44900  -1.54900   0.03600   0.23830 7.20e-007
   1.00000   1.44900  -1.78730   0.03600   0.23830 7.20e-007
   1.00000   1.44900  -2.02560   0.03600   0.23830 7.20e-007
   1.00000   1.44900  -2.26390   0.03600   0.23830 7.20e-007
   1.00000   1.45680  -2.50200   0.03600   0.23876 7.20e-007
   1.00000   1.51840  -2.73200   0.03600   0.23876 7.20e-007
   1.00000   1.63750  -2.93820   0.03600   0.23876 7.20e-007
   1.00000   1.80580  -3.10650   0.23876   0.03600 7.20e-007
   1.00000   2.01200  -3.22560   0.23876   0.03600 7.20e-007
   1.00000   2.24200  -3.28720   0.23876   0.03600 7.20e-007
   1.00000   2.46480  -3.29170   0.20766   0.06000 7.20e-007
   1.00000   2.67060  -3.26510   0.20766   0.06000 7.20e-007
   1.00000   2.87130  -3.21230   0.20766   0.06000 7.20e-007
   1.00000   3.06350  -3.13430   0.20766   0.06000 7.20e-007
   1.00000   3.24540  -3.03350   0.20824   0.06000 7.20e-007
   1.00000   3.42030  -2.92070   0.20824   0.06000 7.20e-007
   1.00000   3.58840  -2.79780   0.20824   0.06000 7.20e-007
   1.00000   3.76090  -2.65470   0.24004   0.03600 7.20e-007
   1.00000   3.93520  -2.48970   0.03600   0.24004 7.20e-007
   1.00000   4.09790  -2.31330   0.03600   0.24004 7.20e-007
   1.00000   4.24830  -2.12630   0.03600   0.24004 7.20e-007
   1.00000   4.38570  -1.92950   0.03600   0.24004 7.20e-007
   1.00000   4.50950  -1.72390   0.03600   0.24004 7.20e-007
   1.00000   4.61900  -1.51040   0.03600   0.24004 7.20e-007
   1.00000   4.71390  -1.28990   0.03600   0.24004 7.20e-007
   1.00000   4.79370  -1.06350   0.03600   0.24004 7.20e-007
   1.00000   4.85790  -0.83230   0.03600   0.24004 7.20e-007
   1.00000   4.90630  -0.59724   0.03600   0.24004 7.20e-007
   1.00000   4.93870  -0.35945   0.03600   0.24004 7.20e-007
   1.00000   4.95500  -0.12000   0.03600   0.24004 7.20e-007
   1.00000   3.48200   2.19510   0.02000   0.18972 7.20e-007
   1.00000   3.48200   2.00540   0.02000   0.18972 7.20e-007
   1.00000   3.52310   1.85790   0.02000   0.13366 7.20e-007
   1.00000   3.60530   1.75250   0.02000   0.13366 7.20e-007
   1.00000   3.68760   1.64710   0.02000   0.13366 7.20e-007
   1.00000   3.77350   1.51580   0.02000   0.18103 7.20e-007
   1.00000   3.86310   1.35850   0.02000   0.18103 7.20e-007
   1.00000   3.95270   1.20120   0.02000   0.18103 7.20e-007
   1.00000   4.04230   1.04390   0.02000   0.18103 7.20e-007
   1.00000   4.13200   0.88659   0.02000   0.18103 7.20e-007
   1.00000   4.22160   0.72929   0.02000   0.18103 7.20e-007
   1.00000   4.31120   0.57200   0.02000   0.18103 7.20e-007
   1.00000   4.35600   0.39468   0.02000   0.19734 7.20e-007
   1.00000   4.35600   0.19734   0.02000   0.19734 7.20e-007
   1.00000   4.35600   0.00000   0.02000   0.19734 7.20e-007
   1.00000   4.35600  -0.19734   0.02000   0.19734 7.20e-007
   1.00000   4.35600  -0.39468   0.02000   0.19734 7.20e-007
   1.00000   4.31090  -0.57260   0.02000   0.18240 7.20e-007
   1.00000   4.22060  -0.73109   0.02000   0.18240 7.20e-007
   1.00000   4.13030  -0.88958   0.02000   0.18240 7.20e-007
   1.00000   4.04000  -1.04810   0.02000   0.18240 7.20e-007
   1.00000   3.94970  -1.20660   0.02000   0.18240 7.20e-007
   1.00000   3.85950  -1.36510   0.02000   0.18240 7.20e-007
   1.00000   3.76920  -1.52350   0.02000   0.18240 7.20e-007
   1.00000   3.66350  -1.66080   0.16761   0.02000 7.20e-007
   1.00000   3.54250  -1.77670   0.16761   0.02000 7.20e-007
   1.00000   3.48200  -1.90740   0.02000   0.14527 7.20e-007
 45                             Magnetic Probe
    4.7470    0.0000     0.00 
    4.6907    0.6160    10.45 
    4.5034    1.2631    21.83 
    4.3442    1.6043    28.18 
    4.1278    1.9564    35.13 
    3.8398    2.3122    42.83 
    3.4671    2.6586    51.37 
    2.9984    2.9696    63.86 
    2.4502    3.1142    86.78 
    1.9216    2.9648   127.40 
    1.7252    2.7372   151.03 
    1.6332    2.3708   180.00 
    1.6327    1.6312   180.00 
    1.6327    1.1485   180.00 
    1.6327    0.4982   180.00 
    1.6327    0.0000   180.00 
    1.6327   -0.4982   180.00 
    1.6327   -1.1485   180.00 
    1.6327   -1.6312   180.00 
    1.6332   -2.3708   180.00 
    1.7234   -2.7410  -151.32 
    1.9200   -2.9699  -127.60 
    2.4511   -3.1091   -86.73 
    2.9986   -2.9645   -63.76 
    3.5554   -2.5790   -49.56 
    3.8415   -2.3168   -42.15 
    4.1278   -1.9564   -35.13 
    4.3442   -1.6043   -28.18 
    4.5034   -1.2631   -21.83 
    4.6907   -0.6160   -10.45 
    3.4264    1.8500    37.96 
    3.6376    1.5794    37.96 
    3.7767    1.3463    29.67 
    3.9193    1.0961    29.67 
    4.0444    0.8766    29.67 
    4.1617    0.6707    29.67 
    4.2750    0.4244     0.00 
    4.2750    0.0000     0.00 
    4.2750   -0.4244     0.00 
    4.1617   -0.6707   -29.67 
    4.0444   -0.8766   -29.67 
    3.9193   -1.0962   -29.67 
    3.7768   -1.3464   -29.67 
    3.6359   -1.5750   -46.22 
    3.4391   -1.7635   -46.22 
 34                             Flux Loop
    2.3882    3.1147 
    2.7555    3.0589 
    3.4057    2.6955 
    3.7464    2.3942 
    3.9695    2.1477 
    4.2968    1.6610 
    4.6175    0.8648 
    4.6875    0.5300 
    4.3611   -1.5400 
    3.9681   -2.1450 
    3.7456   -2.4000 
    3.5020   -2.6115 
    2.7500   -3.0553 
    1.8703    2.9258 
    1.6403    2.5112 
    1.6515    1.9750 
    1.6515    1.4250 
    1.6515    0.9750 
    1.6515    0.3750 
    1.6515   -0.0750  
    1.6515   -0.3750 
    1.6515   -0.9750 
    1.6515   -1.4250 
    1.6515   -1.8400 
    1.6939   -2.6900 
    2.1000   -3.0739 
    2.3000   -3.1195
    3.3996    2.2600
    3.3996    1.8860
    3.6620    1.5450
    3.8643    1.1900
    4.2688    0.4800
    3.6593   -1.5500
    3.3996   -1.8020 
  0.57000  0.25750  0.21370  0.47820  9 20
  0.57000  0.72450  0.21370  0.38220  9 16
  0.57000  1.04760  0.21370  0.19030  9  8
  0.57000  1.32270  0.21370  0.28630  9 12
  1.08500  2.29500  0.30940  0.38110 13 16
  0.57000 -0.25750  0.21370  0.47820  9 20
  0.57000 -0.72450  0.21370  0.38220  9 16
  0.57000 -1.04760  0.21370  0.19030  9  8
  0.57000 -1.32270  0.21370  0.28630  9 12
  1.08500 -2.29500  0.30940  0.38110 13 16

