&namelist71
tt= 1.00000000E+01,
rjrfm= 3.00098161E+00,
zjrfm= 4.36967873E-02,
eddyrfm=-2.10082218E-03, 3.18073291E-02, 5.90345088E-02, 6.62519947E-02, 4.11101870E-02,-1.96110508E-02,-1.09772088E-01,-2.13446013E-01,-3.03435120E-01,-3.64639377E-01,-4.01360516E-01,-4.08621999E-01,-3.84571381E-01,-3.46249122E-01,-3.12119701E-01,-2.52209308E-01,-2.50037731E-01,-2.64399957E-01,-2.95862035E-01,-3.75725718E-01,-3.67109618E-01,-3.02126538E-01,-2.37304578E-01,-1.96505879E-01,-1.60277584E-01,-1.05067946E-01,-2.24410264E-02, 8.89438328E-02, 2.23582467E-01, 3.60565492E-01, 4.78202144E-01, 5.62755027E-01, 5.97276032E-01, 5.58301840E-01, 4.32067867E-01, 2.42794286E-01, 4.96330806E-02,-1.01036694E-01,-1.92976219E-01,-2.26444428E-01,-2.06691509E-01,-1.44091218E-01,-6.31178710E-02, 9.38696078E-03, 6.63482508E-02, 1.02929924E-01, 7.68471612E-02,-1.14734980E-02,-1.48663344E-01,-2.71493218E-01,-2.40706062E-01,-7.22849264E-02, 1.29844759E-02, 4.93707569E-02, 7.35628801E-02, 6.46404135E-02, 1.89686913E-02,-6.30545707E-02,-1.14771187E-01,-2.51630666E-01,-3.85159077E-01,-4.78953954E-01,-4.90883995E-01,-4.13068305E-01,-3.07674760E-01,-2.22670240E-01,-1.63927510E-01,-1.22700404E-01,-9.07212973E-02,-6.24405279E-02,-3.39515823E-02,-4.38339771E-02,-2.27400486E-02,-8.19725809E-03,-1.67876865E-02,-2.26702210E-02,-3.91074079E-02,-3.21705167E-02,-2.58945676E-02,-2.90107187E-02,-4.46403957E-02,-6.72516030E-02,-8.71308209E-02,-1.28046775E-01,-1.85316526E-01,-2.32923892E-01,-2.57999840E-01,-2.55155742E-01,-2.53932447E-01,-2.95810285E-01,-3.26793351E-01,-3.53795566E-01,-3.87771127E-01,-4.33475785E-01,-4.55932587E-01,-3.69416359E-01,-3.07515373E-01,-2.30333152E-01,
ccurinp=-2.20109800E-03,-1.08448500E-02,-1.22979800E-02,-3.02547600E-03,-1.14889200E-02,-1.04739000E-02, 8.03267600E-03, 1.35825100E-02,-4.71203600E-03,-1.44717200E-02, 1.17610300E-06, 1.20744100E-06,
ccurrfm=-2.20109800E-03,-1.08448500E-02,-1.22979800E-02,-3.02547600E-03,-1.14889200E-02,-1.04739000E-02, 8.03267600E-03, 1.35825100E-02,-4.71203600E-03,-1.44717200E-02, 1.17610300E-06, 1.20744100E-06,
tprbrfm= 5.73786900E-01, 6.86616200E-01, 6.67987200E-01, 6.12535600E-01, 5.93393200E-01, 5.84427400E-01, 4.49424400E-01, 1.94949600E-01,-1.54157900E-01,-2.24048600E-01,-4.17136200E-02, 1.40017100E-01, 4.60908900E-01, 7.63960100E-01, 1.03639000E+00, 1.10413500E+00, 1.04442400E+00, 7.76618000E-01, 4.89824000E-01, 2.30884200E-01,-7.07176600E-02,-4.63518100E-01,-4.32878600E-01, 1.78316200E-01, 5.52891700E-01, 7.04304600E-01, 7.62815200E-01, 6.78637000E-01, 5.85413300E-01, 5.21695800E-01, 5.68621300E-01, 6.51242000E-01, 7.04553800E-01, 7.58355600E-01, 7.81076300E-01, 7.73765300E-01, 7.42424700E-01, 7.41841200E-01, 6.76617500E-01, 7.07803300E-01, 7.30064800E-01, 7.29854100E-01, 7.06663800E-01, 6.79735000E-01, 6.19243600E-01,
fluxlrfm= 9.34401900E-03, 3.39178300E-01, 1.17187300E+00, 1.59361800E+00, 1.77892300E+00, 1.91860900E+00, 1.98140300E+00, 1.87195900E+00, 2.11761000E+00, 2.16721700E+00, 1.87821500E+00, 1.43650200E+00,-1.60247800E-02,-5.39527400E-02, 1.13481300E-01, 2.07207000E-01, 2.43135600E-01, 2.25969400E-01, 1.86429500E-01, 2.01775500E-01, 2.38187300E-01, 3.15881700E-01, 3.11559800E-01, 2.32200900E-01,-1.94499900E-01,-6.44199000E-01,-6.04023700E-01, 8.60183500E-01, 4.54202200E-01, 3.93570500E-01, 2.69134500E-01, 5.33985600E-01, 5.86688500E-01, 5.11745600E-01,
rfluxrfm= 2.27497924E+00, 3.90050000E+00, 4.16630000E+00, 3.65930000E+00, 1.92920000E+00, 1.77310000E+00, 1.90930000E+00, 2.02490000E+00, 2.53530000E+00, 0.00000000E+00, 0.00000000E+00, 0.00000000E+00, 0.00000000E+00, 0.00000000E+00, 0.00000000E+00, 0.00000000E+00, 0.00000000E+00, 0.00000000E+00, 0.00000000E+00, 0.00000000E+00,
zfluxrfm=-2.15586346E+00,-8.91900000E-01,-3.51000000E-02, 1.28490000E+00, 1.44700000E+00,-3.98000000E-02,-1.10180000E+00,-2.28010000E+00,-2.65450000E+00, 0.00000000E+00, 0.00000000E+00, 0.00000000E+00, 0.00000000E+00, 0.00000000E+00, 0.00000000E+00, 0.00000000E+00, 0.00000000E+00, 0.00000000E+00, 0.00000000E+00, 0.00000000E+00,
phisurrfm= 3.51523649E-02,
phiconrfm= 3.51523649E-02, 3.51333136E-02, 3.51380778E-02, 3.51357993E-02, 3.51573898E-02, 3.51531021E-02, 3.51526996E-02, 3.51545489E-02, 3.51518162E-02, 0.00000000E+00, 0.00000000E+00, 0.00000000E+00, 0.00000000E+00, 0.00000000E+00, 0.00000000E+00, 0.00000000E+00, 0.00000000E+00, 0.00000000E+00, 0.00000000E+00, 0.00000000E+00,
aiprfm= 5.50000600E+00,
dtrfm= 5.00000000E-03,
ctimerfm= 1.00000000E+01,
ciprfm= 5.49669945E+00,
tinitrfm=-2.00000000E+00,
rlimrfm= 0.00000000E+00, 0.00000000E+00,
zlimrfm= 0.00000000E+00, 0.00000000E+00,
rhitrfm= 0.00000000E+00, 0.00000000E+00,
zhitrfm= 0.00000000E+00, 0.00000000E+00,
rhighprfm= 1.77140000E+00,
zhighprfm= 0.00000000E+00,
zmgaxrfm= 0.00000000E+00,
dummy1= 3.00098121E+00,
dummy2= 4.36969359E-02,
delaypfcrfm= 0.00000000E+00,
rhitdelayrfm= 0.00000000E+00, 0.00000000E+00,
zhitdelayrfm= 0.00000000E+00, 0.00000000E+00,
rhighpdelayrfm= 0.00000000E+00,
zhighpdelayrfm= 0.00000000E+00,
nfluxrfm=              9,
nfluxbfrrfm=              0,
ihitrfm=              0,
ihighrfm=              0,
/
